9.993778170 2910.0
10.077334501 2843.0
10.160890831 2836.0
10.244447162 2826.0
10.328003493 2792.0
10.411559823 2816.0
10.495116154 2841.0
10.578672485 2895.0
10.662228815 2827.0
10.745785146 2885.0
10.829341477 2701.0
10.912897807 2685.0
10.996454138 2787.0
11.080010469 2764.0
11.163566799 2634.0
11.247123130 2679.0
11.330679461 2773.0
11.414235791 2727.0
11.497792122 2657.0
11.581348453 2711.0
11.664904783 2633.0
11.748461114 2609.0
11.832017445 2441.0
11.915573775 2595.0
11.999130106 2489.0
12.082686437 2575.0
12.166242767 2599.0
12.249799098 2501.0
12.333355429 2491.0
12.416911759 2491.0
12.500468090 2588.0
12.584024421 2513.0
12.667580751 2466.0
12.751137082 2535.0
12.834693413 2522.0
12.918249743 2451.0
13.001806074 2548.0
13.085362405 2468.0
13.168918735 2424.0
13.252475066 2378.0
13.336031397 2447.0
13.419587727 2448.0
13.503144058 2325.0
13.586700389 2354.0
13.670256719 2359.0
13.753813050 2305.0
13.837369381 2396.0
13.920925711 2297.0
14.004482042 2317.0
14.088038373 2234.0
14.171594703 2368.0
14.255151034 2217.0
14.338707365 2366.0
14.422263695 2369.0
14.505820026 2307.0
14.589376357 2190.0
14.672932687 2251.0
14.756489018 2293.0
14.840045349 2309.0
14.923601679 2248.0
15.007158010 2325.0
15.090714341 2349.0
15.174270671 2232.0
15.257827002 2255.0
15.341383333 2217.0
15.424939663 2234.0
15.508495994 2232.0
15.592052325 2303.0
15.675608655 2193.0
15.759164986 2114.0
15.842721317 2200.0
15.926277647 2164.0
16.009833978 2167.0
16.093390309 2304.0
16.176946639 2345.0
16.260502970 2292.0
16.344059301 2296.0
16.427615631 2270.0
16.511171962 2255.0
16.594728293 2203.0
16.678284623 2338.0
16.761840954 2239.0
16.845397285 2234.0
16.928953615 2353.0
17.012509946 2458.0
17.096066277 2178.0
17.179622607 2224.0
17.263178938 2232.0
17.346735269 2334.0
17.430291599 2279.0
17.513847930 2185.0
17.597404261 2214.0
17.680960591 2231.0
17.764516922 2257.0
17.848073253 2200.0
17.931629583 2231.0
18.015185914 2192.0
18.098742245 2288.0
18.182298575 2232.0
18.265854906 2309.0
18.349411237 2195.0
18.432967567 2220.0
18.516523898 2200.0
18.600080229 2296.0
18.683636559 2251.0
18.767192890 2287.0
18.850749221 2282.0
18.934305551 2190.0
19.017861882 2226.0
19.101418213 2233.0
19.184974543 2256.0
19.268530874 2236.0
19.352087205 2115.0
19.435643535 2185.0
19.519199866 2133.0
19.602756197 2170.0
19.686312527 2170.0
19.769868858 2202.0
19.853425189 2218.0
19.936981519 2178.0
20.020537850 2091.0
20.104094181 2294.0
20.187650511 2173.0
20.271206842 2216.0
20.354763173 2161.0
20.438319503 2195.0
20.521875834 2203.0
20.605432165 2202.0
20.688988495 2191.0
20.772544826 2131.0
20.856101157 2104.0
20.939657487 2122.0
21.023213818 2143.0
21.106770149 2151.0
21.190326479 2165.0
21.273882810 2165.0
21.357439141 2082.0
21.440995471 2077.0
21.524551802 2241.0
21.608108133 2213.0
21.691664463 2316.0
21.775220794 2180.0
21.858777125 2254.0
21.942333455 2224.0
22.025889786 2157.0
22.109446117 2231.0
22.193002447 2176.0
22.276558778 2179.0
22.360115109 2155.0
22.443671440 2084.0
22.527227770 2041.0
22.610784101 2178.0
22.694340432 2213.0
22.777896762 2208.0
22.861453093 2208.0
22.945009424 2233.0
23.028565754 2153.0
23.112122085 2110.0
23.195678416 2144.0
23.279234746 2125.0
23.362791077 2155.0
23.446347408 2251.0
23.529903738 2193.0
23.613460069 2210.0
23.697016400 2082.0
23.780572730 2188.0
23.864129061 2048.0
23.947685392 2122.0
24.031241722 2119.0
24.114798053 2237.0
24.198354384 2156.0
24.281910714 2180.0
24.365467045 2093.0
24.449023376 2052.0
24.532579706 2078.0
24.616136037 2181.0
24.699692368 2047.0
24.783248698 2109.0
24.866805029 2065.0
24.950361360 2177.0
25.033917690 2123.0
25.117474021 2131.0
25.201030352 2060.0
25.284586682 2053.0
25.368143013 2009.0
25.451699344 2060.0
25.535255674 2077.0
25.618812005 2159.0
25.702368336 2059.0
25.785924666 2039.0
25.869480997 2015.0
25.953037328 2032.0
26.036593658 2007.0
26.120149989 2124.0
26.203706320 2074.0
26.287262650 2185.0
26.370818981 2437.0
26.454375312 3436.0
26.537931642 4595.0
26.621487973 2935.0
26.705044304 2154.0
26.788600634 2248.0
26.872156965 2152.0
26.955713296 2122.0
27.039269626 2099.0
27.122825957 2097.0
27.206382288 2073.0
27.289938618 2087.0
27.373494949 2071.0
27.457051280 1974.0
27.540607610 1929.0
27.624163941 2062.0
27.707720272 1982.0
27.791276602 2042.0
27.874832933 1908.0
27.958389264 1986.0
28.041945594 2052.0
28.125501925 2059.0
28.209058256 2011.0
28.292614586 2070.0
28.376170917 2077.0
28.459727248 2045.0
28.543283578 2076.0
28.626839909 2047.0
28.710396240 2052.0
28.793952570 2049.0
28.877508901 2078.0
28.961065232 2080.0
29.044621562 1931.0
29.128177893 1975.0
29.211734224 1995.0
29.295290554 1968.0
29.378846885 2049.0
29.462403216 1960.0
29.545959546 2041.0
29.629515877 2023.0
29.713072208 1936.0
29.796628538 2060.0
29.880184869 2047.0
29.963741200 1976.0
30.047297530 2025.0
30.130853861 1970.0
30.214410192 1891.0
30.297966522 2055.0
30.381522853 2019.0
30.465079184 1995.0
30.548635514 1920.0
30.632191845 1974.0
30.715748176 1996.0
30.799304506 1996.0
30.882860837 1924.0
30.966417168 1974.0
31.049973498 2041.0
31.133529829 2071.0
31.217086160 1944.0
31.300642490 2055.0
31.384198821 2047.0
31.467755152 1960.0
31.551311482 2051.0
31.634867813 2023.0
31.718424144 1931.0
31.801980474 2009.0
31.885536805 1962.0
31.969093136 1960.0
32.052649466 1937.0
32.136205797 1994.0
32.219762128 1988.0
32.303318458 1968.0
32.386874789 1914.0
32.470431120 2061.0
32.553987450 1930.0
32.637543781 2049.0
32.721100112 1925.0
32.804656442 1944.0
32.888212773 2074.0
32.971769104 2034.0
33.055325434 2090.0
33.138881765 2010.0
33.222438096 1972.0
33.305994426 2052.0
33.389550757 2007.0
33.473107088 1896.0
33.556663418 1913.0
33.640219749 1926.0
33.723776080 1980.0
33.807332410 1874.0
33.890888741 2037.0
33.974445072 2075.0
34.058001402 2264.0
34.141557733 2710.0
34.225114064 2334.0
34.308670394 2049.0
34.392226725 1956.0
34.475783056 2039.0
34.559339386 1916.0
34.642895717 1938.0
34.726452048 1932.0
34.810008378 2083.0
34.893564709 1988.0
34.977121040 2028.0
35.060677370 2093.0
35.144233701 1924.0
35.227790032 1918.0
35.311346362 1984.0
35.394902693 1957.0
35.478459024 1919.0
35.562015354 1902.0
35.645571685 2071.0
35.729128016 2012.0
35.812684346 2058.0
35.896240677 2093.0
35.979797008 2035.0
36.063353338 2108.0
36.146909669 1985.0
36.230466000 2034.0
36.314022330 1952.0
36.397578661 1996.0
36.481134992 2041.0
36.564691322 1986.0
36.648247653 2050.0
36.731803984 1990.0
36.815360314 2259.0
36.898916645 2118.0
36.982472976 2237.0
37.066029306 2243.0
37.149585637 2335.0
37.233141968 2169.0
37.316698298 2296.0
37.400254629 2492.0
37.483810960 3142.0
37.567367290 4783.0
37.650923621 9435.0
37.734479952 25616.0
37.818036282 71393.0
37.901592613 47648.0
37.985148944 12202.0
38.068705274 3647.0
38.152261605 2681.0
38.235817936 2228.0
38.319374266 2238.0
38.402930597 2179.0
38.486486928 2117.0
38.570043258 2034.0
38.653599589 2088.0
38.737155920 1980.0
38.820712250 1951.0
38.904268581 2036.0
38.987824912 1932.0
39.071381242 1906.0
39.154937573 2014.0
39.238493904 1997.0
39.322050234 1912.0
39.405606565 1893.0
39.489162896 1989.0
39.572719226 1922.0
39.656275557 1984.0
39.739831888 2001.0
39.823388218 1919.0
39.906944549 1942.0
39.990500880 2083.0
40.074057210 1939.0
40.157613541 1858.0
40.241169872 1836.0
40.324726202 1893.0
40.408282533 1911.0
40.491838864 1978.0
40.575395194 1889.0
40.658951525 1814.0
40.742507856 1863.0
40.826064186 2009.0
40.909620517 1857.0
40.993176848 1836.0
41.076733178 1912.0
41.160289509 1832.0
41.243845840 1852.0
41.327402170 1881.0
41.410958501 2067.0
41.494514832 1916.0
41.578071162 1920.0
41.661627493 1845.0
41.745183824 1831.0
41.828740154 1846.0
41.912296485 1856.0
41.995852816 1871.0
42.079409146 1920.0
42.162965477 2033.0
42.246521808 1885.0
42.330078138 1875.0
42.413634469 1841.0
42.497190800 1861.0
42.580747130 1840.0
42.664303461 1845.0
42.747859792 1873.0
42.831416122 1892.0
42.914972453 1837.0
42.998528784 1899.0
43.082085114 1964.0
43.165641445 1816.0
43.249197776 1855.0
43.332754106 1878.0
43.416310437 1834.0
43.499866768 1868.0
43.583423098 1935.0
43.666979429 2010.0
43.750535760 1845.0
43.834092090 1795.0
43.917648421 1893.0
44.001204752 1814.0
44.084761082 1834.0
44.168317413 1833.0
44.251873744 1909.0
44.335430074 1889.0
44.418986405 1899.0
44.502542736 1862.0
44.586099066 1887.0
44.669655397 1950.0
44.753211728 1811.0
44.836768058 1843.0
44.920324389 1867.0
45.003880720 1872.0
45.087437050 1885.0
45.170993381 1824.0
45.254549712 1822.0
45.338106042 1818.0
45.421662373 1870.0
45.505218704 1854.0
45.588775034 1838.0
45.672331365 1871.0
45.755887696 1935.0
45.839444026 1848.0
45.923000357 1879.0
46.006556688 1936.0
46.090113018 1914.0
46.173669349 1885.0
46.257225680 1962.0
46.340782010 1930.0
46.424338341 2074.0
46.507894672 2524.0
46.591451002 3245.0
46.675007333 6745.0
46.758563664 15400.0
46.842119994 11101.0
46.925676325 5821.0
47.009232656 2596.0
47.092788986 2139.0
47.176345317 1926.0
47.259901648 2033.0
47.343457979 1899.0
47.427014309 1961.0
47.510570640 1876.0
47.594126971 1894.0
47.677683301 1803.0
47.761239632 1744.0
47.844795963 1916.0
47.928352293 1844.0
48.011908624 1907.0
48.095464955 1947.0
48.179021285 1793.0
48.262577616 1715.0
48.346133947 1871.0
48.429690277 1911.0
48.513246608 1855.0
48.596802939 1852.0
48.680359269 1820.0
48.763915600 1829.0
48.847471931 1993.0
48.931028261 1914.0
49.014584592 2101.0
49.098140923 2146.0
49.181697253 1867.0
49.265253584 1837.0
49.348809915 1744.0
49.432366245 1850.0
49.515922576 1861.0
49.599478907 1871.0
49.683035237 1825.0
49.766591568 1803.0
49.850147899 1805.0
49.933704229 1816.0
50.017260560 1760.0
50.100816891 1840.0
50.184373221 1746.0
50.267929552 1786.0
50.351485883 1695.0
50.435042213 1690.0
50.518598544 1727.0
50.602154875 1812.0
50.685711205 1706.0
50.769267536 1816.0
50.852823867 1828.0
50.936380197 1763.0
51.019936528 1758.0
51.103492859 1846.0
51.187049189 1746.0
51.270605520 1780.0
51.354161851 1824.0
51.437718181 1771.0
51.521274512 1790.0
51.604830843 1779.0
51.688387173 1740.0
51.771943504 1821.0
51.855499835 1844.0
51.939056165 1763.0
52.022612496 1728.0
52.106168827 1821.0
52.189725157 1849.0
52.273281488 1824.0
52.356837819 1832.0
52.440394149 1774.0
52.523950480 1854.0
52.607506811 1804.0
52.691063141 1821.0
52.774619472 1816.0
52.858175803 1856.0
52.941732133 1774.0
53.025288464 1874.0
53.108844795 1833.0
53.192401125 1803.0
53.275957456 1817.0
53.359513787 1917.0
53.443070117 1835.0
53.526626448 1910.0
53.610182779 1882.0
53.693739109 1848.0
53.777295440 1887.0
53.860851771 1898.0
53.944408101 2012.0
54.027964432 2085.0
54.111520763 2313.0
54.195077093 2709.0
54.278633424 3434.0
54.362189755 4982.0
54.445746085 10848.0
54.529302416 26137.0
54.612858747 17559.0
54.696415077 11904.0
54.779971408 3508.0
54.863527739 2332.0
54.947084069 2057.0
55.030640400 1900.0
55.114196731 2054.0
55.197753061 1854.0
55.281309392 1926.0
55.364865723 1882.0
55.448422053 1725.0
55.531978384 1859.0
55.615534715 1822.0
55.699091045 1769.0
55.782647376 1815.0
55.866203707 1812.0
55.949760037 1771.0
56.033316368 1771.0
56.116872699 1779.0
56.200429029 1753.0
56.283985360 1759.0
56.367541691 1853.0
56.451098021 1923.0
56.534654352 1735.0
56.618210683 1814.0
56.701767013 1781.0
56.785323344 1862.0
56.868879675 1777.0
56.952436005 1756.0
57.035992336 1815.0
57.119548667 1667.0
57.203104997 1773.0
57.286661328 1777.0
57.370217659 1850.0
57.453773989 1833.0
57.537330320 1847.0
57.620886651 1791.0
57.704442981 1836.0
57.787999312 1860.0
57.871555643 1695.0
57.955111973 1785.0
58.038668304 1814.0
58.122224635 1769.0
58.205780965 1846.0
58.289337296 1730.0
58.372893627 1774.0
58.456449957 1751.0
58.540006288 1808.0
58.623562619 1687.0
58.707118949 1753.0
58.790675280 1697.0
58.874231611 1798.0
58.957787941 1774.0
59.041344272 1796.0
59.124900603 1704.0
59.208456933 1794.0
59.292013264 1747.0
59.375569595 1765.0
59.459125925 1737.0
59.542682256 1834.0
59.626238587 1786.0
59.709794917 1791.0
59.793351248 1731.0
59.876907579 1747.0
59.960463909 1752.0
60.044020240 1870.0
60.127576571 1823.0
60.211132901 1805.0
60.294689232 1842.0
60.378245563 1818.0
60.461801893 1780.0
60.545358224 1808.0
60.628914555 1651.0
60.712470885 1817.0
60.796027216 1838.0
60.879583547 1804.0
60.963139877 1750.0
61.046696208 1958.0
61.130252539 1961.0
61.213808869 1957.0
61.297365200 1819.0
61.380921531 1901.0
61.464477861 1968.0
61.548034192 2485.0
61.631590523 3285.0
61.715146853 2662.0
61.798703184 2417.0
61.882259515 1870.0
61.965815845 1710.0
62.049372176 1827.0
62.132928507 1794.0
62.216484837 1717.0
62.300041168 1696.0
62.383597499 1754.0
62.467153829 1838.0
62.550710160 1786.0
62.634266491 1764.0
62.717822821 1801.0
62.801379152 1791.0
62.884935483 1771.0
62.968491813 1804.0
63.052048144 1716.0
63.135604475 1751.0
63.219160805 1687.0
63.302717136 1834.0
63.386273467 1687.0
63.469829797 1824.0
63.553386128 1778.0
63.636942459 1680.0
63.720498789 1766.0
63.804055120 1777.0
63.887611451 1759.0
63.971167781 1709.0
64.054724112 1655.0
64.138280443 1768.0
64.221836773 1898.0
64.305393104 1738.0
64.388949435 1696.0
64.472505765 1611.0
64.556062096 1687.0
64.639618427 1895.0
64.723174757 1792.0
64.806731088 1743.0
64.890287419 1728.0
64.973843749 1801.0
65.057400080 1744.0
65.140956411 1761.0
65.224512741 1770.0
65.308069072 1726.0
65.391625403 1816.0
65.475181733 1808.0
65.558738064 1809.0
65.642294395 1680.0
65.725850725 1744.0
65.809407056 1804.0
65.892963387 1754.0
65.976519717 1842.0
66.060076048 1730.0
66.143632379 1720.0
66.227188709 1719.0
66.310745040 1742.0
66.394301371 1733.0
66.477857701 1782.0
66.561414032 1784.0
66.644970363 1777.0
66.728526693 1863.0
66.812083024 1842.0
66.895639355 1802.0
66.979195685 1798.0
67.062752016 1827.0
67.146308347 1848.0
67.229864677 1824.0
67.313421008 1823.0
67.396977339 1730.0
67.480533669 1939.0
67.564090000 1946.0
67.647646331 2082.0
67.731202661 2121.0
67.814758992 2357.0
67.898315323 2716.0
67.981871653 3382.0
68.065427984 4645.0
68.148984315 9447.0
68.232540645 20770.0
68.316096976 14609.0
68.399653307 11995.0
68.483209637 7015.0
68.566765968 2805.0
68.650322299 2172.0
68.733878629 1987.0
68.817434960 1862.0
68.900991291 1943.0
68.984547621 1849.0
69.068103952 1894.0
69.151660283 1782.0
69.235216613 1832.0
69.318772944 1837.0
69.402329275 1845.0
69.485885605 1774.0
69.569441936 1776.0
69.652998267 1805.0
69.736554597 1855.0
69.820110928 1768.0
69.903667259 1786.0
69.987223589 1871.0
70.070779920 1767.0
70.154336251 1714.0
70.237892581 1715.0
70.321448912 1764.0
70.405005243 1729.0
70.488561573 1847.0
70.572117904 1794.0
70.655674235 1808.0
70.739230565 1774.0
70.822786896 1733.0
70.906343227 1776.0
70.989899557 1734.0
71.073455888 1773.0
71.157012219 1589.0
71.240568549 1741.0
71.324124880 1652.0
71.407681211 1720.0
71.491237541 1795.0
71.574793872 1764.0
71.658350203 1708.0
71.741906533 1721.0
71.825462864 1843.0
71.909019195 1887.0
71.992575525 1801.0
72.076131856 1804.0
72.159688187 1754.0
72.243244518 1766.0
72.326800848 1700.0
72.410357179 1722.0
72.493913510 1760.0
72.577469840 1733.0
72.661026171 1679.0
72.744582502 1751.0
72.828138832 1760.0
72.911695163 1666.0
72.995251494 1773.0
73.078807824 1795.0
73.162364155 1863.0
73.245920486 1696.0
73.329476816 1744.0
73.413033147 1710.0
73.496589478 1756.0
73.580145808 1725.0
73.663702139 1858.0
73.747258470 1722.0
73.830814800 1771.0
73.914371131 1743.0
73.997927462 1828.0
74.081483792 1720.0
74.165040123 1732.0
74.248596454 1774.0
74.332152784 1699.0
74.415709115 1713.0
74.499265446 1812.0
74.582821776 1717.0
74.666378107 1777.0
74.749934438 1780.0
74.833490768 1807.0
74.917047099 1734.0
75.000603430 1785.0
75.084159760 1821.0
75.167716091 1758.0
75.251272422 1735.0
75.334828752 1821.0
75.418385083 1627.0
75.501941414 1658.0
75.585497744 1830.0
75.669054075 1761.0
75.752610406 1642.0
75.836166736 1786.0
75.919723067 1751.0
76.003279398 1727.0
76.086835728 1769.0
76.170392059 1722.0
76.253948390 1779.0
76.337504720 1802.0
76.421061051 1777.0
76.504617382 1672.0
76.588173712 1763.0
76.671730043 1756.0
76.755286374 1680.0
76.838842704 1811.0
76.922399035 1783.0
77.005955366 1744.0
77.089511696 1676.0
77.173068027 1767.0
77.256624358 1701.0
77.340180688 1820.0
77.423737019 1640.0
77.507293350 1707.0
77.590849680 1707.0
77.674406011 1722.0
77.757962342 1768.0
77.841518672 1791.0
77.925075003 1776.0
78.008631334 1761.0
78.092187664 1703.0
78.175743995 1770.0
78.259300326 1785.0
78.342856656 1796.0
78.426412987 1819.0
78.509969318 1753.0
78.593525648 1704.0
78.677081979 1773.0
78.760638310 1837.0
78.844194640 1798.0
78.927750971 1816.0
79.011307302 1790.0
79.094863632 1837.0
79.178419963 1790.0
79.261976294 1786.0
79.345532624 1694.0
79.429088955 1767.0
79.512645286 1700.0
79.596201616 1729.0
79.679757947 1767.0
79.763314278 1770.0
79.846870608 1761.0
79.930426939 1791.0
80.013983270 1875.0
80.097539600 1898.0
80.181095931 2083.0
80.264652262 2188.0
80.348208592 2268.0
80.431764923 2582.0
80.515321254 3194.0
80.598877584 4918.0
80.682433915 9836.0
80.765990246 11577.0
80.849546576 6365.0
80.933102907 7184.0
81.016659238 4345.0
81.100215568 2371.0
81.183771899 2045.0
81.267328230 1907.0
81.350884560 1799.0
81.434440891 1955.0
81.517997222 1828.0
81.601553552 1828.0
81.685109883 1722.0
81.768666214 1779.0
81.852222544 1796.0
81.935778875 1831.0
82.019335206 1807.0
82.102891536 1720.0
82.186447867 1702.0
82.270004198 1874.0
82.353560528 1748.0
82.437116859 1787.0
82.520673190 1774.0
82.604229520 1780.0
82.687785851 1747.0
82.771342182 1699.0
82.854898512 1712.0
82.938454843 1752.0
83.022011174 1727.0
83.105567504 1731.0
83.189123835 1780.0
83.272680166 1765.0
83.356236496 1719.0
83.439792827 1663.0
83.523349158 1651.0
83.606905488 1708.0
83.690461819 1709.0
83.774018150 1780.0
83.857574480 1742.0
83.941130811 1820.0
84.024687142 1837.0
84.108243472 1781.0
84.191799803 1718.0
84.275356134 1681.0
84.358912464 1757.0
84.442468795 1804.0
84.526025126 1805.0
84.609581456 1666.0
84.693137787 1714.0
84.776694118 1761.0
84.860250448 1785.0
84.943806779 1735.0
85.027363110 1744.0
85.110919440 1812.0
85.194475771 1761.0
85.278032102 1757.0
85.361588432 1845.0
85.445144763 1757.0
85.528701094 1794.0
85.612257424 1848.0
85.695813755 1780.0
85.779370086 1616.0
85.862926416 1713.0
85.946482747 1721.0
86.030039078 1740.0
86.113595408 1750.0
86.197151739 1739.0
86.280708070 1765.0
86.364264400 1827.0
86.447820731 1715.0
86.531377062 1801.0
86.614933392 1909.0
86.698489723 2091.0
86.782046054 2564.0
86.865602384 2068.0
86.949158715 2108.0
87.032715046 2156.0
87.116271376 1814.0
87.199827707 1801.0
87.283384038 1808.0
87.366940368 1821.0
87.450496699 1717.0
87.534053030 1731.0
87.617609360 1847.0
87.701165691 1719.0
87.784722022 1751.0
87.868278352 1796.0
87.951834683 1678.0
88.035391014 1797.0
88.118947344 1780.0
88.202503675 1735.0
88.286060006 1675.0
88.369616336 1692.0
88.453172667 1715.0
88.536728998 1715.0
88.620285328 1835.0
88.703841659 1722.0
88.787397990 1833.0
88.870954320 1772.0
88.954510651 1754.0
89.038066982 1715.0
89.121623312 1748.0
89.205179643 1661.0
89.288735974 1765.0
89.372292304 1662.0
89.455848635 1793.0
89.539404966 1769.0
89.622961296 1779.0
89.706517627 1805.0
89.790073958 1770.0
89.873630288 1848.0
89.957186619 1814.0
90.040742950 1715.0
90.124299280 1814.0
90.207855611 1758.0
90.291411942 1782.0
90.374968272 1707.0
90.458524603 1738.0
90.542080934 1666.0
90.625637264 1716.0
90.709193595 1756.0
90.792749926 1779.0
90.876306256 1791.0
90.959862587 1769.0
91.043418918 1616.0
91.126975248 1840.0
91.210531579 1808.0
91.294087910 1892.0
91.377644240 1781.0
91.461200571 1721.0
91.544756902 1694.0
91.628313232 1801.0
91.711869563 1804.0
91.795425894 1846.0
91.878982224 1881.0
91.962538555 1846.0
92.046094886 2003.0
92.129651216 2013.0
92.213207547 2011.0
92.296763878 2116.0
92.380320208 2264.0
92.463876539 2445.0
92.547432870 3069.0
92.630989200 4045.0
92.714545531 6824.0
92.798101862 8804.0
92.881658192 5288.0
92.965214523 4652.0
93.048770854 5197.0
93.132327184 3372.0
93.215883515 2085.0
93.299439846 2020.0
93.382996176 1922.0
93.466552507 1739.0
93.550108838 1828.0
93.633665168 1845.0
93.717221499 1904.0
93.800777830 1934.0
93.884334160 1731.0
93.967890491 1849.0
94.051446822 1732.0
94.135003152 1735.0
94.218559483 1703.0
94.302115814 1707.0
94.385672144 1761.0
94.469228475 1734.0
94.552784806 1725.0
94.636341136 1830.0
94.719897467 1825.0
94.803453798 1795.0
94.887010128 1771.0
94.970566459 1778.0
95.054122790 1658.0
95.137679120 1801.0
95.221235451 1803.0
95.304791782 1688.0
95.388348112 1759.0
95.471904443 1759.0
95.555460774 1835.0
95.639017104 1587.0
95.722573435 1715.0
95.806129766 1822.0
95.889686096 1723.0
95.973242427 1875.0
96.056798758 1753.0
96.140355088 1777.0
96.223911419 1752.0
96.307467750 1716.0
96.391024080 1746.0
96.474580411 1804.0
96.558136742 1820.0
96.641693072 1809.0
96.725249403 1814.0
96.808805734 1861.0
96.892362065 1780.0
96.975918395 1686.0
97.059474726 1844.0
97.143031057 1780.0
97.226587387 1725.0
97.310143718 1805.0
97.393700049 1809.0
97.477256379 1741.0
97.560812710 1774.0
97.644369041 1702.0
97.727925371 1834.0
97.811481702 1878.0
97.895038033 1753.0
97.978594363 1768.0
98.062150694 1897.0
98.145707025 1891.0
98.229263355 1834.0
98.312819686 1869.0
98.396376017 1927.0
98.479932347 1988.0
98.563488678 2211.0
98.647045009 2471.0
98.730601339 3337.0
98.814157670 4226.0
98.897714001 3367.0
98.981270331 2657.0
99.064826662 2861.0
99.148382993 2845.0
99.231939323 2016.0
99.315495654 1945.0
99.399051985 1921.0
99.482608315 1692.0
99.566164646 1846.0
99.649720977 1790.0
99.733277307 1807.0
99.816833638 1777.0
99.900389969 1759.0
99.983946299 1760.0
100.067502630 1731.0
100.151058961 1722.0
100.234615291 1829.0
100.318171622 1750.0
100.401727953 1767.0
100.485284283 1738.0
100.568840614 1787.0
100.652396945 1750.0
100.735953275 1716.0
100.819509606 1846.0
100.903065937 1737.0
100.986622267 1700.0
101.070178598 1797.0
101.153734929 1761.0
101.237291259 1773.0
101.320847590 1814.0
101.404403921 1796.0
101.487960251 1766.0
101.571516582 1745.0
101.655072913 1794.0
101.738629243 1822.0
101.822185574 1872.0
101.905741905 1835.0
101.989298235 1873.0
102.072854566 1756.0
102.156410897 1916.0
102.239967227 1776.0
102.323523558 1766.0
102.407079889 1753.0
102.490636219 1777.0
102.574192550 1887.0
102.657748881 1674.0
102.741305211 1739.0
102.824861542 1797.0
102.908417873 1843.0
102.991974203 1802.0
103.075530534 1751.0
103.159086865 1787.0
103.242643195 1819.0
103.326199526 1717.0
103.409755857 1806.0
103.493312187 1832.0
103.576868518 1950.0
103.660424849 1776.0
103.743981179 1784.0
103.827537510 1751.0
103.911093841 1803.0
103.994650171 1815.0
104.078206502 1785.0
104.161762833 1835.0
104.245319163 1850.0
104.328875494 1978.0
104.412431825 1868.0
104.495988155 1883.0
104.579544486 2112.0
104.663100817 2156.0
104.746657147 2479.0
104.830213478 3379.0
104.913769809 4530.0
104.997326139 4385.0
105.080882470 3075.0
105.164438801 2969.0
105.247995131 3292.0
105.331551462 2896.0
105.415107793 2170.0
105.498664123 1951.0
105.582220454 1838.0
105.665776785 1844.0
105.749333115 1765.0
105.832889446 1741.0
105.916445777 1833.0
106.000002107 1825.0
106.083558438 1798.0
106.167114769 1784.0
106.250671099 1687.0
106.334227430 1820.0
106.417783761 1706.0
106.501340091 1793.0
106.584896422 1777.0
106.668452753 1751.0
106.752009083 1815.0
106.835565414 1857.0
106.919121745 1704.0
107.002678075 1751.0
107.086234406 1764.0
107.169790737 1731.0
107.253347067 1816.0
107.336903398 1684.0
107.420459729 1759.0
107.504016059 1752.0
107.587572390 1784.0
107.671128721 1852.0
107.754685051 1738.0
107.838241382 1797.0
107.921797713 1715.0
108.005354043 1744.0
108.088910374 1791.0
108.172466705 1723.0
108.256023035 1812.0
108.339579366 1769.0
108.423135697 1769.0
108.506692027 1750.0
108.590248358 1898.0
108.673804689 1709.0
108.757361019 1772.0
108.840917350 1765.0
108.924473681 1784.0
109.008030011 1843.0
109.091586342 1731.0
109.175142673 1722.0
109.258699003 1867.0
109.342255334 1838.0
109.425811665 1715.0
109.509367995 1767.0
109.592924326 1876.0
109.676480657 1726.0
109.760036987 1811.0
109.843593318 1722.0
109.927149649 1745.0
110.010705979 1747.0
110.094262310 1728.0
110.177818641 1778.0
110.261374971 1768.0
110.344931302 1734.0
110.428487633 1733.0
110.512043963 1700.0
110.595600294 1776.0
110.679156625 1764.0
110.762712955 1794.0
110.846269286 1782.0
110.929825617 1858.0
111.013381947 1841.0
111.096938278 1882.0
111.180494609 1995.0
111.264050939 2095.0
111.347607270 1960.0
111.431163601 1871.0
111.514719931 1916.0
111.598276262 1985.0
111.681832593 1884.0
111.765388923 1832.0
111.848945254 1817.0
111.932501585 1811.0
112.016057915 1819.0
112.099614246 1858.0
112.183170577 1803.0
112.266726907 1825.0
112.350283238 1803.0
112.433839569 1833.0
112.517395899 1733.0
112.600952230 1771.0
112.684508561 1797.0
112.768064891 1776.0
112.851621222 1759.0
112.935177553 1845.0
113.018733883 1808.0
113.102290214 1764.0
113.185846545 1810.0
113.269402875 1824.0
113.352959206 1794.0
113.436515537 1821.0
113.520071867 1779.0
113.603628198 1804.0
113.687184529 1840.0
113.770740859 1899.0
113.854297190 1833.0
113.937853521 1850.0
114.021409851 1867.0
114.104966182 1708.0
114.188522513 1699.0
114.272078843 1741.0
114.355635174 1718.0
114.439191505 1835.0
114.522747835 1771.0
114.606304166 1833.0
114.689860497 1846.0
114.773416827 1750.0
114.856973158 1837.0
114.940529489 1850.0
115.024085819 1824.0
115.107642150 1836.0
115.191198481 1791.0
115.274754811 1869.0
115.358311142 1794.0
115.441867473 1812.0
115.525423803 1802.0
115.608980134 1756.0
115.692536465 1783.0
115.776092795 1734.0
115.859649126 1774.0
115.943205457 1825.0
116.026761787 1863.0
116.110318118 1833.0
116.193874449 1872.0
116.277430779 1832.0
116.360987110 1932.0
116.444543441 1919.0
116.528099771 1830.0
116.611656102 1964.0
116.695212433 1904.0
116.778768763 1885.0
116.862325094 2013.0
116.945881425 2185.0
117.029437755 2105.0
117.112994086 2125.0
117.196550417 2263.0
117.280106747 2437.0
117.363663078 2489.0
117.447219409 2962.0
117.530775739 3324.0
117.614332070 4296.0
117.697888401 5928.0
117.781444731 8691.0
117.865001062 10956.0
117.948557393 8144.0
118.032113723 5359.0
118.115670054 4727.0
118.199226385 5571.0
118.282782715 6230.0
118.366339046 4564.0
118.449895377 2976.0
118.533451707 2319.0
118.617008038 2052.0
118.700564369 1987.0
118.784120699 1965.0
118.867677030 2042.0
118.951233361 1882.0
119.034789691 1927.0
119.118346022 1811.0
119.201902353 1854.0
119.285458683 1883.0
119.369015014 1782.0
119.452571345 1805.0
119.536127675 1922.0
119.619684006 1830.0
119.703240337 1974.0
119.786796667 1929.0
119.870352998 1911.0
119.953909329 1796.0
120.037465659 1856.0
120.121021990 1785.0
120.204578321 1763.0
120.288134651 1870.0
120.371690982 1819.0
120.455247313 1811.0
120.538803643 1753.0
120.622359974 1819.0
120.705916305 1761.0
120.789472635 1897.0
120.873028966 1781.0
120.956585297 1868.0
121.040141627 1884.0
121.123697958 1818.0
121.207254289 1822.0
121.290810619 1837.0
121.374366950 1872.0
121.457923281 1871.0
121.541479611 1765.0
121.625035942 1857.0
121.708592273 1730.0
121.792148604 1853.0
121.875704934 1841.0
121.959261265 1718.0
122.042817596 1911.0
122.126373926 1888.0
122.209930257 1892.0
122.293486588 1790.0
122.377042918 1840.0
122.460599249 1872.0
122.544155580 1795.0
122.627711910 1853.0
122.711268241 1834.0
122.794824572 1860.0
122.878380902 1765.0
122.961937233 1765.0
123.045493564 1840.0
123.129049894 1836.0
123.212606225 1828.0
123.296162556 1792.0
123.379718886 1829.0
123.463275217 1836.0
123.546831548 1768.0
123.630387878 1805.0
123.713944209 1811.0
123.797500540 1816.0
123.881056870 1812.0
123.964613201 1871.0
124.048169532 1845.0
124.131725862 1882.0
124.215282193 1842.0
124.298838524 1722.0
124.382394854 1836.0
124.465951185 1780.0
124.549507516 1795.0
124.633063846 1842.0
124.716620177 1744.0
124.800176508 1852.0
124.883732838 1794.0
124.967289169 1786.0
125.050845500 1838.0
125.134401830 1764.0
125.217958161 1778.0
125.301514492 1821.0
125.385070822 1884.0
125.468627153 1716.0
125.552183484 1776.0
125.635739814 1756.0
125.719296145 1720.0
125.802852476 1808.0
125.886408806 1782.0
125.969965137 1819.0
126.053521468 1797.0
126.137077798 1776.0
126.220634129 1755.0
126.304190460 1795.0
126.387746790 1796.0
126.471303121 1759.0
126.554859452 1836.0
126.638415782 1786.0
126.721972113 1906.0
126.805528444 1702.0
126.889084774 1830.0
126.972641105 1820.0
127.056197436 1806.0
127.139753766 1816.0
127.223310097 1944.0
127.306866428 1885.0
127.390422758 1886.0
127.473979089 1841.0
127.557535420 1831.0
127.641091750 1937.0
127.724648081 1815.0
127.808204412 1906.0
127.891760742 1874.0
127.975317073 1850.0
128.058873404 1787.0
128.142429734 1808.0
128.225986065 1811.0
128.309542396 1773.0
128.393098726 1862.0
128.476655057 1858.0
128.560211388 1833.0
128.643767718 1784.0
128.727324049 1765.0
128.810880380 1782.0
128.894436710 1760.0
128.977993041 1817.0
129.061549372 1914.0
129.145105702 1853.0
129.228662033 1804.0
129.312218364 1820.0
129.395774694 1764.0
129.479331025 1887.0
129.562887356 1847.0
129.646443686 1894.0
129.730000017 1819.0
129.813556348 1816.0
129.897112678 1822.0
129.980669009 1823.0
130.064225340 1768.0
130.147781670 1798.0
130.231338001 1849.0
130.314894332 1833.0
130.398450662 1862.0
130.482006993 1919.0
130.565563324 1857.0
130.649119654 1849.0
130.732675985 1882.0
130.816232316 1884.0
130.899788646 1900.0
130.983344977 1914.0
131.066901308 1812.0
131.150457638 1831.0
131.234013969 1884.0
131.317570300 1896.0
131.401126630 1929.0
131.484682961 1974.0
131.568239292 1917.0
131.651795622 1909.0
131.735351953 1975.0
131.818908284 1964.0
131.902464614 1989.0
131.986020945 2006.0
132.069577276 1980.0
132.153133606 2026.0
132.236689937 2187.0
132.320246268 2373.0
132.403802598 2640.0
132.487358929 3027.0
132.570915260 3522.0
132.654471590 3407.0
132.738027921 3008.0
132.821584252 2625.0
132.905140582 2395.0
132.988696913 2476.0
133.072253244 2632.0
133.155809574 2679.0
133.239365905 2593.0
133.322922236 2216.0
133.406478566 2106.0
133.490034897 2019.0
133.573591228 1892.0
133.657147558 1859.0
133.740703889 1836.0
133.824260220 1874.0
133.907816550 1905.0
133.991372881 1960.0
134.074929212 1883.0
134.158485542 1840.0
134.242041873 1827.0
134.325598204 1821.0
134.409154534 1785.0
134.492710865 1747.0
134.576267196 1763.0
134.659823526 1874.0
134.743379857 1814.0
134.826936188 1958.0
134.910492518 1849.0
134.994048849 1899.0
135.077605180 1873.0
135.161161510 1859.0
135.244717841 1791.0
135.328274172 1796.0
135.411830502 1852.0
135.495386833 1889.0
135.578943164 1874.0
135.662499494 1930.0
135.746055825 1911.0
135.829612156 1970.0
135.913168486 2011.0
135.996724817 1956.0
136.080281148 1797.0
136.163837478 1942.0
136.247393809 1901.0
136.330950140 1926.0
136.414506470 1848.0
136.498062801 1911.0
136.581619132 1824.0
136.665175462 1836.0
136.748731793 1876.0
136.832288124 1867.0
136.915844454 1919.0
136.999400785 1886.0
137.082957116 1961.0
137.166513446 1917.0
137.250069777 1920.0
137.333626108 1855.0
137.417182438 1871.0
137.500738769 1820.0
137.584295100 1808.0
137.667851430 1761.0
137.751407761 1911.0
137.834964092 1822.0
137.918520422 1815.0
138.002076753 1892.0
138.085633084 1829.0
138.169189414 1821.0
138.252745745 1861.0
138.336302076 1881.0
138.419858406 1807.0
138.503414737 1907.0
138.586971068 1855.0
138.670527398 1820.0
138.754083729 1842.0
138.837640060 1881.0
138.921196390 1909.0
139.004752721 1909.0
139.088309052 1935.0
139.171865382 1946.0
139.255421713 1889.0
139.338978044 1835.0
139.422534374 1849.0
139.506090705 1902.0
139.589647036 1889.0
139.673203366 1875.0
139.756759697 1868.0
139.840316028 1806.0
139.923872358 1937.0
140.007428689 1855.0
140.090985020 1792.0
140.174541350 2018.0
140.258097681 1882.0
140.341654012 1833.0
140.425210342 1922.0
140.508766673 1904.0
140.592323004 1976.0
140.675879334 1889.0
140.759435665 1977.0
140.842991996 1904.0
140.926548326 2010.0
141.010104657 1960.0
141.093660988 2185.0
141.177217318 2108.0
141.260773649 2294.0
141.344329980 2436.0
141.427886310 2479.0
141.511442641 2463.0
141.594998972 2281.0
141.678555302 2199.0
141.762111633 2110.0
141.845667964 2057.0
141.929224294 2128.0
142.012780625 2223.0
142.096336956 2123.0
142.179893286 2139.0
142.263449617 2125.0
142.347005948 1902.0
142.430562278 2002.0
142.514118609 1978.0
142.597674940 2009.0
142.681231270 2000.0
142.764787601 1989.0
142.848343932 1999.0
142.931900262 1758.0
143.015456593 1815.0
143.099012924 1886.0
143.182569254 1832.0
143.266125585 1896.0
143.349681916 1891.0
143.433238246 1963.0
143.516794577 1842.0
143.600350908 1914.0
143.683907238 1853.0
143.767463569 1829.0
143.851019900 1861.0
143.934576230 1844.0
144.018132561 1852.0
144.101688892 1837.0
144.185245222 1912.0
144.268801553 1884.0
144.352357884 1896.0
144.435914214 1996.0
144.519470545 1919.0
144.603026876 1887.0
144.686583206 1893.0
144.770139537 1873.0
144.853695868 1815.0
144.937252198 1917.0
145.020808529 1908.0
145.104364860 1849.0
145.187921190 1913.0
145.271477521 1849.0
145.355033852 1825.0
145.438590182 1899.0
145.522146513 1921.0
145.605702844 1904.0
145.689259174 1854.0
145.772815505 1977.0
145.856371836 1879.0
145.939928166 1920.0
146.023484497 1933.0
146.107040828 1938.0
146.190597158 1870.0
146.274153489 1873.0
146.357709820 1880.0
146.441266150 1939.0
146.524822481 1867.0
146.608378812 1895.0
146.691935143 1969.0
146.775491473 1929.0
146.859047804 1955.0
146.942604135 1861.0
147.026160465 1906.0
147.109716796 2012.0
147.193273127 1918.0
147.276829457 1958.0
147.360385788 1924.0
147.443942119 1865.0
147.527498449 1886.0
147.611054780 1892.0
147.694611111 1889.0
147.778167441 1947.0
147.861723772 1809.0
147.945280103 1971.0
148.028836433 1893.0
148.112392764 1931.0
148.195949095 1825.0
148.279505425 1936.0
148.363061756 1939.0
148.446618087 1927.0
148.530174417 1964.0
148.613730748 1934.0
148.697287079 1868.0
148.780843409 1932.0
148.864399740 1974.0
148.947956071 1879.0
149.031512401 1983.0
149.115068732 1834.0
149.198625063 1921.0
149.282181393 2044.0
149.365737724 2031.0
149.449294055 2025.0
149.532850385 1884.0
149.616406716 2034.0
149.699963047 2042.0
149.783519377 2009.0
149.867075708 2029.0
149.950632039 2131.0
150.034188369 2099.0
150.117744700 1933.0
150.201301031 2018.0
150.284857361 2075.0
150.368413692 2214.0
150.451970023 2092.0
150.535526353 2166.0
150.619082684 2228.0
150.702639015 2197.0
150.786195345 2172.0
150.869751676 2167.0
150.953308007 2216.0
151.036864337 2345.0
151.120420668 2276.0
151.203976999 2386.0
151.287533329 2520.0
151.371089660 2532.0
151.454645991 2680.0
151.538202321 2769.0
151.621758652 2922.0
151.705314983 2967.0
151.788871313 3281.0
151.872427644 3621.0
151.955983975 4016.0
152.039540305 4670.0
152.123096636 5243.0
152.206652967 6244.0
152.290209297 7144.0
152.373765628 7814.0
152.457321959 8014.0
152.540878289 7400.0
152.624434620 6314.0
152.707990951 5096.0
152.791547281 4373.0
152.875103612 4086.0
152.958659943 3812.0
153.042216273 3779.0
153.125772604 4159.0
153.209328935 4271.0
153.292885265 4626.0
153.376441596 5084.0
153.459997927 5020.0
153.543554257 4752.0
153.627110588 4237.0
153.710666919 3635.0
153.794223249 3196.0
153.877779580 2773.0
153.961335911 2468.0
154.044892241 2360.0
154.128448572 2187.0
154.212004903 2248.0
154.295561233 2159.0
154.379117564 2021.0
154.462673895 2093.0
154.546230225 2083.0
154.629786556 2127.0
154.713342887 2085.0
154.796899217 2154.0
154.880455548 2073.0
154.964011879 2090.0
155.047568209 1956.0
155.131124540 2022.0
155.214680871 2011.0
155.298237201 1950.0
155.381793532 1914.0
155.465349863 1868.0
155.548906193 1968.0
155.632462524 1968.0
155.716018855 1981.0
155.799575185 1980.0
155.883131516 1874.0
155.966687847 1865.0
156.050244177 1940.0
156.133800508 1898.0
156.217356839 1925.0
156.300913169 1978.0
156.384469500 1947.0
156.468025831 1998.0
156.551582161 1987.0
156.635138492 2016.0
156.718694823 2125.0
156.802251153 1909.0
156.885807484 2042.0
156.969363815 1951.0
157.052920145 2004.0
157.136476476 1973.0
157.220032807 2060.0
157.303589137 1983.0
157.387145468 2070.0
157.470701799 1968.0
157.554258129 1894.0
157.637814460 1959.0
157.721370791 2052.0
157.804927121 1914.0
157.888483452 1957.0
157.972039783 1774.0
158.055596113 2028.0
158.139152444 1990.0
158.222708775 1978.0
158.306265105 1914.0
158.389821436 2011.0
158.473377767 1973.0
158.556934097 2066.0
158.640490428 1853.0
158.724046759 1909.0
158.807603089 2023.0
158.891159420 1961.0
